0.015621662139892578
0.0
0.0
0.0
0.0
0.0
0.0
0.0
0.015654325485229492
0.0072290897369384766
0.0011591911315917969
0.0
0.03124237060546875
0.01566171646118164
0.031201839447021484
0.01562190055847168
0.0
0.015620946884155273
0.015659570693969727
0.01562190055847168
2.2284107208251953
7.524286985397339
100.98155403137207
39.285263776779175
0.2589688301086426
84.46744108200073
1.7162261009216309
72.77220010757446
0.7325513362884521
32.990530490875244
104.23171544075012
0.013580560684204102
0.013611078262329102
0.015626907348632812
0.007054328918457031
0.015620946884155273	65
0.02094578742980957	29	4424MB	6112MB
0.08876228332519531	131	15296MB	16936MB
0.06482911109924316	89	0.01048MB	0.01212MB
0.11369490623474121	106	0.012432MB	0.01412MB
0.08278107643127441	118	0.013784MB	0.015424MB
