0.003928661346435547
0.0039196014404296875
0.0010035037994384766
0.0020952224731445312
0.006985664367675781
0.0009856224060058594
0.0010309219360351562
0.0026416778564453125
0.001035451889038086
0.0
0.04765510559082031
0.052542686462402344
0.12315702438354492
0.013966083526611328
0.03993487358093262
0.05385756492614746
0.04865622520446777
0.07840681076049805
0.0810544490814209
0.020947933197021484
351.2509591579437
21.855984687805176
148.92389106750488
290.45447993278503
710.7119805812836
64.43606209754944
185.2957775592804
583.4045307636261
51.640711545944214
107.67478704452515
672.2019197940826
0.001996278762817383
0.002543210983276367
0.0
0.0019965171813964844
0.0032699108123779297
0.0156552791595459
0.0
0.0029060840606689453
0.015717029571533203
0.002997159957885742
0.011055231094360352
0.0
0.074
0.003029346466064453	74
0.002994060516357422	74
0.0	74
0.0	74
0.0034694671630859375	74
0.0	74
0.06582045555114746	308	79692MB	83204MB
0.09275293350219727	441	79812MB	83364MB
0.12371969223022461	640	79948MB	83364MB
0.1466083526611328	699	80180MB	83364MB
0.07883834838867188	390	0.079772MB	0.083364MB
